58
29
52
37
53
60
59
10
11
43
53
10
20
41
11
21
10
40
54
49
14
35
51
21
59
21
26
13
51
40
14
38
52
28
41
10
33
26
60
36
47
39
10
55
38
17
48
43
13
37
15
41
22
32
22
52
56
38
13
32
38
32
54
21
17
16
33
59
44
34
46
53
36
38
28
53
53
38
40
38
35
36
39
21
58
26
42
13
32
19
14
24
12
13
43
15
57
49
33
31
56
20
14
10
14
12
35
25
15
13
57
46
29
40
32
24
43
25
20
34
30
50
30
13
24
18
55
14
13
40
57
51
22
25
49
22
58
31
23
16
52
36
30
39
28
22
43
43
33
29
30
24
10
29
33
53
53
25
39
38
30
32
12
12
13
47
52
59
21
35
24
53
36
54
30
20
21
60
51
18
36
39
52
39
15
37
39
24
18
39
53
14
53
19
46
54
55
46
47
53